   337249.359267037536483      2523.076473539012113    112063.695742192416219   2020346.069100364809856   3409297.551409602165222  -2535332.303183288313448   -487150.486899707582779     -3552.381209357168700   -366148.322308802977204     10652.704230985040340    -38221.286104097511270     15207.541817609853751    -72798.705269224679796     -2307.181360675772339    -29482.334803467056190     -6857.149726157146688     -5403.103429599096671     -1173.820413868176502      3407.554566011529914    -30974.761654998448648    152710.271974129689625     26003.951821253169328   1490686.491106328554451   -217745.686805475008441     -2966.180787891162254     29967.794689668684441   -146672.695183349773288  -1823925.741649805800989     52986.352275324446964   -322363.233747482066974      8624.447247870062711    -29664.443917370208510    159879.592876497132238   1817121.020293065346777    753880.358836997533217    147158.751078803208657      3993.193759646885155     -2117.866891576622947     19884.598763449790567    256234.722443136066431    185870.713324052776443    -13399.671191991579690         0.000000000000000         0.000000000000000         0.000000000000000
     2523.076473539012113    336487.143021943571512     26500.409710006792011   1872435.607498417375609  -2269385.117784891743213  -2067573.638295693788677   -467731.265193229541183   -171356.500618693564320    138011.812688792037079    -13050.774525717228244     68476.187687769837794     11649.533029168576832     35056.184153251990210      -460.140119023362786     11348.358278432267980    -17147.844667269102501     12666.206021443960708      -179.058921083619964      4036.106860974411120     -4874.019209194647374     32653.950761162814160     32024.902046003517171    301843.571850296109915    -23098.004531222570222     -7095.758280921110781     24098.128847584022878   -130181.533439419101342  -1590849.535872949752957     36112.064040303484944   -283425.326158866984770     -5957.721181552228700     45231.347549298290687   -225420.558556496253004  -2599311.463913147803396  -1042188.621170184225775   -264624.073689671698958      2830.585806662982577    -19511.103172779676242     97955.809012206562329   1442631.306702808709815    618918.945238252053969     37576.965472896503343         0.000000000000000         0.000000000000000         0.000000000000000
   112063.695742192416219     26500.409710006792011    210419.366153837152524    388831.883898967294954   3665014.721618886571378    -84492.438284059870057    -41271.879595153048285   -303978.913433448527940    -72593.475178261898691     20607.585188534834742     50820.519100611942122      4640.793297607739078     11569.475148548484867     -1662.178723891047639      4820.430735848278346      8865.602337263087975     14545.156024783522298      -370.231495960324992      6857.178948211997522    -20547.078941726413177    112767.268547758270870     47786.136239481711527   1075655.647363083437085   -136358.461796080227941      1834.702527543552151     -7480.604729713975757     39549.111930456427217    488451.244878113910090    -14410.515967061593983     83600.985808187921066      2018.651504126213922    -12098.072729677680400     61467.019457533715467    707670.879317503189668    288805.757028145424556     71997.246538099439931      5438.168800781873870    -27907.624672424026357    143477.064226045709802   2097601.068859450984746    934749.466494964319281     48324.281308152087149         0.000000000000000         0.000000000000000         0.000000000000000
  2020346.069100364809856   1872435.607498417375609    388831.883898967294954  41529480.997678808867931   6966987.241050510667264 -45238261.855582922697067  -6299129.410524368286133   -671587.555376279051416  -1349721.081821103813127    -53554.639441889477894   -520542.050750368449371   -239327.924326914711855     -2811.056082100549247     -5913.279276134345309     75463.178586673311656    580424.858232156140730     21032.190543369069928      4001.253283607760750     34093.277077958089649   -187648.220783101831330    965898.282983226119541   4469481.658486245200038   6080937.060030029155314  -2389657.055693409871310    -54690.981014584111108    369389.264850893523544  -1864701.301219090586528 -19472185.985310509800911   8026477.826537313871086  -4502726.588230120018125      3352.129606886954207     71633.113119186804397   -346339.968409820925444  -1369597.134935951326042  -4097784.265647918917239  -1582551.443965825950727     -5791.938204802798282    -69967.133481170283630    326061.504196508147288   6570508.665659625083208   -418506.799434876185842    403802.625541621702723         0.000000000000000         0.000000000000000         0.000000000000000
  3409297.551409602165222  -2269385.117784891743213   3665014.721618886571378   6966987.241050510667264 112866390.822500407695770  -2305038.486004178412259   2564143.626207320019603  -3395177.659610482398421  -2127988.760618498548865    480756.183821052138228   1139120.263392781605944   -145520.121328346722294   1227356.802786441985518      1338.144480933473460   -479201.623014035052620   -105569.675362487992970   -479654.304867180646397      1267.783846016060807     90378.058357425892609   -315385.725592362228781   1672288.892154178814963   2533963.969941524788737  15848031.482232935726643  -1273870.411591917276382     14247.775251135844883   -115753.552512408525217    593997.210336316959001   7646154.520072945393622  -1618225.052105978131294    723896.036421962548047    147967.688331199315144   -797996.418436389067210   4087958.086417309008539  52790070.749029092490673  18067272.561078466475010   4373884.409212945960462     18532.861894068955735   -406227.511112809297629   1946738.657703287899494  32049405.004228793084621   8367737.173042274080217   1734149.961107345297933         0.000000000000000         0.000000000000000         0.000000000000000
 -2535332.303183288313448  -2067573.638295693788677    -84492.438284059870057 -45238261.855582922697067  -2305038.486004178412259  51806723.743186503648758   8063509.291830935515463    -48087.615826871493482   2314771.538628116250038     95285.418297525829985    648493.944451288552955    276854.276603913633153      4853.945521043293411      4742.544952412606108    -60389.050764048384735   -611490.673499130876735    -22035.315843437841977     -3742.107632444591218    -37392.375990027881926    232633.588007234386168  -1184495.013832170749083  -3843862.755397730972618  -8636504.510239772498608   2654731.887304834555835     70551.605832151311915   -474032.325632158317603   2391723.965980667155236  26713510.546322401612997  -6954542.525458555668592   5525363.121055242605507     -7047.417697185646830    -80436.724819071139791    379685.058724103495479   1948174.590399965876713   4239427.314351273700595   1750245.357194498647004     23176.137407679776516     -2456.114446799383131     53856.409531102617620  -1018785.955117009463720   3036134.261672617867589   -307675.521133617730811         0.000000000000000         0.000000000000000         0.000000000000000
  -487150.486899707582779   -467731.265193229541183    -41271.879595153048285  -6299129.410524368286133   2564143.626207320019603   8063509.291830935515463   2166348.720024096313864    107623.254629763934645    998487.092451016069390     16860.614871269997820         0.000000000000000         0.000000000000000         0.000000000000000         0.000000000000000         0.000000000000000         0.000000000000000         0.000000000000000         0.000000000000000    -15191.492309843000839     89872.354878829879453   -456956.904353233403526   -283457.473097418202087  -4280636.317717355675995    685690.747379189007916     12334.475514701751308    -72970.340114859165624    371018.438021848094650   4524300.353664085268974   -284298.372321533155628    808746.217587239341810      8673.313933399651432    -51311.031984194014512    260891.465081551985350   3049063.368681696243584   1268881.356506830547005    311052.877913935168181      3863.245311605357983    -22854.828646663747350    116205.609188539965544   1878711.685361508978531    558311.876098268898204     88158.931571880209958         1.148183802757683         0.000000000000000         0.000000000000000
    -3552.381209357168700   -171356.500618693564320   -303978.913433448527940   -671587.555376279051416  -3395177.659610482398421    -48087.615826871493482    107623.254629763934645    714874.285169422626495     -3765.540954450319987    -24912.822599493643793         0.000000000000000         0.000000000000000         0.000000000000000         0.000000000000000         0.000000000000000         0.000000000000000         0.000000000000000         0.000000000000000     -5720.942888170109654     33844.904700639992370   -172084.762894954677904    179204.792299405002268  -1813480.952870376873761    211850.809670568094589     -4353.083958398468894     25752.697519587611168   -130939.853007768193493  -1914307.590165374334902   -477967.650538731890265   -232510.769659551151562      3741.960847651640506    -22137.313858556015475    112557.397935553279240    825108.353874108754098    641460.318304925807752    142720.833312390139326     -7970.183695940123471     47151.337272302203928   -239741.454923663608497  -3511765.356670377310365  -1563580.282551564509049    -76121.006885348178912        -6.792616556880525         0.000000000000000         0.000000000000000
  -366148.322308802977204    138011.812688792037079    -72593.475178261898691  -1349721.081821103813127  -2127988.760618498548865   2314771.538628116250038    998487.092451016069390     -3765.540954450319987   1227714.573715869802982    -15677.719531923643444         0.000000000000000         0.000000000000000         0.000000000000000         0.000000000000000         0.000000000000000         0.000000000000000         0.000000000000000         0.000000000000000    -13020.057023092946110     77026.217138907231856   -391640.586087793461047    208111.600836181722116  -3972499.746899782679975    512530.892882332613226       430.998434557435928     -2549.772166732333062     12964.342568823703914    -16970.723575101234019   -315763.791362527175806     55053.256206687896338     -3611.962964845620263     21368.250779119844083   -108647.088869930856163   -801875.045689486549236   -566487.990931977168657   -127524.533381297093001      7200.569738014879476    -42598.327117957938754    216591.628389986319235   2967247.288164643105119   1553515.097438313532621     24690.719396631640848        34.537128113261488         0.000000000000000         0.000000000000000
    10652.704230985040340    -13050.774525717228244     20607.585188534834742    -53554.639441889477894    480756.183821052138228     95285.418297525829985     16860.614871269997820    -24912.822599493643793    -15677.719531923643444      2793.000000000000000         0.000000000000000         0.000000000000000         0.000000000000000         0.000000000000000         0.000000000000000         0.000000000000000         0.000000000000000         0.000000000000000       362.826081671425015     -2146.466831974262277     10913.732483790547121      1971.785973528008526    105523.606491062106215    -15585.286786410018976       377.178379205896533     -2231.374538935263899     11345.446585206333111    140768.301112498447765     -4253.913516996502949     24321.359830400855571       533.905468282318907     -3158.566698949464808     16059.764572666483218    184776.838688964111498     75269.056984663955518     18530.685083939679316       329.528751391453170     -1949.480951824719114      9912.155768505996093    145617.613758853112813     63049.991966654699354      3460.782245568645067         0.000000000000000         0.000000000000000         0.000000000000000
   -38221.286104097511270     68476.187687769837794     50820.519100611942122   -520542.050750368449371   1139120.263392781605944    648493.944451288552955         0.000000000000000         0.000000000000000         0.000000000000000         0.000000000000000   1642247.397679895628244    186069.320167820260394    741931.487945967121050    -16084.056598821702210         0.000000000000000         0.000000000000000         0.000000000000000         0.000000000000000     64976.692819867181242     27080.419043813220924     24890.010581029699097    917854.699772011372261     99890.389260487892898    835289.711392811965197    -23634.756273270733800     -9850.287481588578885     -9053.543789195415229    234099.866447659151163   -245016.423709643422626   -172052.505730330158258    -12019.377432041126667     -5009.331244478235021     -4604.149864786928447     64454.490597145282663     28253.812638713894557    228064.213228266366059      7305.249920560256214      3044.618315939697823      2798.353377631676267    -54666.260108142800163    197060.874924252624623     -9302.654328268859899         0.000000000000000        -4.554548637661330         0.000000000000000
    15207.541817609853751     11649.533029168576832      4640.793297607739078   -239327.924326914711855   -145520.121328346722294    276854.276603913633153         0.000000000000000         0.000000000000000         0.000000000000000         0.000000000000000    186069.320167820260394    218958.778314746799879   -160226.657481328642461     -3905.632969822939685         0.000000000000000         0.000000000000000         0.000000000000000         0.000000000000000      1047.316587825412626       436.491468540499454       401.185714775129213     14475.199695435592730      2177.622832376379392     12824.288131786230224    -11603.568944161153922     -4836.034211263873658     -4444.870018216312928    137241.590243537619244   -116569.842313703818945   -109103.849302910588449      2187.490905862178806       911.683371597604150       837.941566890095032    -20840.932448571104032     17750.992081415446592    -63117.599416947661666     17262.959111429714540      7194.705461075595849      6612.759380267992128   -126223.581829090515384    501300.760577550099697   -106845.232899214533973         0.000000000000000        -1.898205038000724         0.000000000000000
   -72798.705269224679796     35056.184153251990210     11569.475148548484867     -2811.056082100549247   1227356.802786441985518      4853.945521043293411         0.000000000000000         0.000000000000000         0.000000000000000         0.000000000000000    741931.487945967121050   -160226.657481328642461    979999.681793464347720     15062.537222570121230         0.000000000000000         0.000000000000000         0.000000000000000         0.000000000000000     30623.739256462115009     12763.094823131719750     11730.747765773925494    433033.033118561725132     45169.509195755832479    395213.565069888718426    -14025.200255678972098     -5845.300578010539539     -5372.501548096235638    146756.918929414940067   -146879.922035529452842   -109904.520217464974849    -17134.852503247017012     -7141.314306781454434     -6563.686786776560439     71929.828429991146550     90527.672003412895720    277830.037833097274415    -33765.215690926030220    -14072.371958817757331    -12934.123596406470824    249799.121949330379721   -959273.428523290320300    150940.259630850661779         0.000000000000000        -1.744668108878315         0.000000000000000
    -2307.181360675772339      -460.140119023362786     -1662.178723891047639     -5913.279276134345309      1338.144480933473460      4742.544952412606108         0.000000000000000         0.000000000000000         0.000000000000000         0.000000000000000    -16084.056598821702210     -3905.632969822939685     15062.537222570121230      1996.000000000000000         0.000000000000000         0.000000000000000         0.000000000000000         0.000000000000000     -1491.614678834092274      -621.662149945230794      -571.378805657644193    -21064.325260591351253     -2374.043720271207803    -19122.236528823286790      -915.464276169931622      -381.539212638141976      -350.678289884540561      9980.459646028904899     -9406.470375444487217     -7651.453805784562974     -1068.041655531586230      -445.129081411166794      -409.124671531965134      5194.076515217619090      3856.035545627255033     19002.684131631893251     -1070.318929850416907      -446.078183930167540      -409.997005586406317      7930.146224405368230    -30199.664127494885179      4324.237575469062904         0.000000000000000         0.000000000000000         0.000000000000000
   -29482.334803467056190     11348.358278432267980      4820.430735848278346     75463.178586673311656   -479201.623014035052620    -60389.050764048384735         0.000000000000000         0.000000000000000         0.000000000000000         0.000000000000000         0.000000000000000         0.000000000000000         0.000000000000000         0.000000000000000    375032.048910588375293     33934.176693036963115    163428.509599179087672      8842.744246913527604      8777.363394690284622      6239.389668076162707      -871.708927911294495   -218105.526998455665307   -201088.984081148402765   -228664.111445272486890    -10078.454519534054270     -7164.270427426593415      1000.924581696184305   -138949.741287697514053    142015.068310924805701    203619.682374786672881     -4009.261872796370881     -2849.984212898139958       398.173028926333018      3647.173103732507570   -118993.441333245951682    -50870.869466288859257     -7415.645085474058760     -5271.412068505246680       736.472188349830390     23940.453542671064497    104075.515334045907366    105359.679398238979047         0.000000000000000         0.000000000000000        -2.878291563743026
    -6857.149726157146688    -17147.844667269102501      8865.602337263087975    580424.858232156140730   -105569.675362487992970   -611490.673499130876735         0.000000000000000         0.000000000000000         0.000000000000000         0.000000000000000         0.000000000000000         0.000000000000000         0.000000000000000         0.000000000000000     33934.176693036963115    751752.536163150798529    329272.830975019489415     -8381.298968823750329     11635.808337996795672      8271.315548781996768     -1155.590529364701069   -289697.471235488017555   -255511.058570740220603   -310379.121719922346529     11952.913814914458271      8496.730009526239883     -1187.083320865835958    154620.592810245958390   -170409.326563549810089   -224334.398442502773833    -16282.076411251578975    -11574.115684516942565      1617.026746460997629    -48603.376648544057389   -432535.022730786120519   -279101.782441340445075      4755.265315927112169      3380.280836851859476      -472.261093005235921    -16965.470107612123684    -65077.730437409903971    -72875.168709785837564         0.000000000000000         0.000000000000000        -2.046033852875781
    -5403.103429599096671     12666.206021443960708     14545.156024783522298     21032.190543369069928   -479654.304867180646397    -22035.315843437841977         0.000000000000000         0.000000000000000         0.000000000000000         0.000000000000000         0.000000000000000         0.000000000000000         0.000000000000000         0.000000000000000    163428.509599179087672    329272.830975019489415    723186.782019673846662    -22977.523851913942053     20331.396825630570675     14452.575515801805523     -2019.178121362821230   -505749.208019897632767   -449197.664403509697877   -540055.835342293721624      6311.693800603803538      4486.668184590675082      -626.835142721448506     77096.389046758093173    -93543.657909738030867   -110298.379692730290117      5772.395787476863916      4103.308136725530858      -573.275677115641656     -2674.810636526415237    170540.363072105508763     76793.787234439398162       652.520115622801086       463.843991020314832       -64.803926287727293      -454.199038157772748    -11613.256546592918312     -3985.661981469429975         0.000000000000000         0.000000000000000         0.285852634831589
    -1173.820413868176502      -179.058921083619964      -370.231495960324992      4001.253283607760750      1267.783846016060807     -3742.107632444591218         0.000000000000000         0.000000000000000         0.000000000000000         0.000000000000000         0.000000000000000         0.000000000000000         0.000000000000000         0.000000000000000      8842.744246913527604     -8381.298968823750329    -22977.523851913942053      1422.000000000000000      -461.965795980753342      -328.388433386562781        45.879347890469965     11500.286486093353233     10064.033334313697196     12366.775515929932226      -631.784998241591666      -449.104430706233813        62.744653345533990     -7918.537320992318200      9148.767891186040288     11412.134490808050032      -545.436251329300489      -387.723415119960407        54.169074300585926     -1183.536658184833414    -14875.430124790060290     -8855.645901595433315      -407.278256269636245      -289.513790181922957        40.448147828669853      1203.869084411258200      5879.524497078360582      5431.267541899394928         0.000000000000000         0.000000000000000         0.000000000000000
     3407.554566011529914      4036.106860974411120      6857.178948211997522     34093.277077958089649     90378.058357425892609    -37392.375990027881926    -15191.492309843000839     -5720.942888170109654    -13020.057023092946110       362.826081671425015     64976.692819867181242      1047.316587825412626     30623.739256462115009     -1491.614678834092274      8777.363394690284622     11635.808337996795672     20331.396825630570675      -461.965795980753342      4270.947443450938408       656.024852968304344      7500.644643216047371     32550.644531320333044     51502.985565069488075     16801.598421847771533         0.000000000000000         0.000000000000000         0.000000000000000         0.000000000000000         0.000000000000000         0.000000000000000         0.000000000000000         0.000000000000000         0.000000000000000         0.000000000000000         0.000000000000000         0.000000000000000         0.000000000000000         0.000000000000000         0.000000000000000         0.000000000000000         0.000000000000000         0.000000000000000         0.000000000000000         0.000000000000000         0.000000000000000
   -30974.761654998448648     -4874.019209194647374    -20547.078941726413177   -187648.220783101831330   -315385.725592362228781    232633.588007234386168     89872.354878829879453     33844.904700639992370     77026.217138907231856     -2146.466831974262277     27080.419043813220924       436.491468540499454     12763.094823131719750      -621.662149945230794      6239.389668076162707      8271.315548781996768     14452.575515801805523      -328.388433386562781       656.024852968304344      8217.031109112718696    -36571.038269092954579      1530.423406506102765   -366433.163870578340720     58429.980714722922130         0.000000000000000         0.000000000000000         0.000000000000000         0.000000000000000         0.000000000000000         0.000000000000000         0.000000000000000         0.000000000000000         0.000000000000000         0.000000000000000         0.000000000000000         0.000000000000000         0.000000000000000         0.000000000000000         0.000000000000000         0.000000000000000         0.000000000000000         0.000000000000000         0.000000000000000         0.000000000000000         0.000000000000000
   152710.271974129689625     32653.950761162814160    112767.268547758270870    965898.282983226119541   1672288.892154178814963  -1184495.013832170749083   -456956.904353233403526   -172084.762894954677904   -391640.586087793461047     10913.732483790547121     24890.010581029699097       401.185714775129213     11730.747765773925494      -571.378805657644193      -871.708927911294495     -1155.590529364701069     -2019.178121362821230        45.879347890469965      7500.644643216047371    -36571.038269092954579    188970.479049670218956     54068.734245115621889   1825750.532584344269708   -250687.007408149278490         0.000000000000000         0.000000000000000         0.000000000000000         0.000000000000000         0.000000000000000         0.000000000000000         0.000000000000000         0.000000000000000         0.000000000000000         0.000000000000000         0.000000000000000         0.000000000000000         0.000000000000000         0.000000000000000         0.000000000000000         0.000000000000000         0.000000000000000         0.000000000000000         0.000000000000000         0.000000000000000         0.000000000000000
    26003.951821253169328     32024.902046003517171     47786.136239481711527   4469481.658486245200038   2533963.969941524788737  -3843862.755397730972618   -283457.473097418202087    179204.792299405002268    208111.600836181722116      1971.785973528008526    917854.699772011372261     14475.199695435592730    433033.033118561725132    -21064.325260591351253   -218105.526998455665307   -289697.471235488017555   -505749.208019897632767     11500.286486093353233     32550.644531320333044      1530.423406506102765     54068.734245115621889   4523347.431820669211447  -1609859.252745955716819    449229.282924443425145         0.000000000000000         0.000000000000000         0.000000000000000         0.000000000000000         0.000000000000000         0.000000000000000         0.000000000000000         0.000000000000000         0.000000000000000         0.000000000000000         0.000000000000000         0.000000000000000         0.000000000000000         0.000000000000000         0.000000000000000         0.000000000000000         0.000000000000000         0.000000000000000         0.000000000000000         0.000000000000000         0.000000000000000
  1490686.491106328554451    301843.571850296109915   1075655.647363083437085   6080937.060030029155314  15848031.482232935726643  -8636504.510239772498608  -4280636.317717355675995  -1813480.952870376873761  -3972499.746899782679975    105523.606491062106215     99890.389260487892898      2177.622832376379392     45169.509195755832479     -2374.043720271207803   -201088.984081148402765   -255511.058570740220603   -449197.664403509697877     10064.033334313697196     51502.985565069488075   -366433.163870578340720   1825750.532584344269708  -1609859.252745955716819  19656576.252233408391476  -1775374.637808040715754         0.000000000000000         0.000000000000000         0.000000000000000         0.000000000000000         0.000000000000000         0.000000000000000         0.000000000000000         0.000000000000000         0.000000000000000         0.000000000000000         0.000000000000000         0.000000000000000         0.000000000000000         0.000000000000000         0.000000000000000         0.000000000000000         0.000000000000000         0.000000000000000         0.000000000000000         0.000000000000000         0.000000000000000
  -217745.686805475008441    -23098.004531222570222   -136358.461796080227941  -2389657.055693409871310  -1273870.411591917276382   2654731.887304834555835    685690.747379189007916    211850.809670568094589    512530.892882332613226    -15585.286786410018976    835289.711392811965197     12824.288131786230224    395213.565069888718426    -19122.236528823286790   -228664.111445272486890   -310379.121719922346529   -540055.835342293721624     12366.775515929932226     16801.598421847771533     58429.980714722922130   -250687.007408149278490    449229.282924443425145  -1775374.637808040715754   1520526.885701189050451         0.000000000000000         0.000000000000000         0.000000000000000         0.000000000000000         0.000000000000000         0.000000000000000         0.000000000000000         0.000000000000000         0.000000000000000         0.000000000000000         0.000000000000000         0.000000000000000         0.000000000000000         0.000000000000000         0.000000000000000         0.000000000000000         0.000000000000000         0.000000000000000         0.000000000000000         0.000000000000000         0.000000000000000
    -2966.180787891162254     -7095.758280921110781      1834.702527543552151    -54690.981014584111108     14247.775251135844883     70551.605832151311915     12334.475514701751308     -4353.083958398468894       430.998434557435928       377.178379205896533    -23634.756273270733800    -11603.568944161153922    -14025.200255678972098      -915.464276169931622    -10078.454519534054270     11952.913814914458271      6311.693800603803538      -631.784998241591666         0.000000000000000         0.000000000000000         0.000000000000000         0.000000000000000         0.000000000000000         0.000000000000000      3211.529054075090244       234.182145892717017      7221.620962621542276     69481.626781614351785      5812.565397645565099     14963.429748189348174         0.000000000000000         0.000000000000000         0.000000000000000         0.000000000000000         0.000000000000000         0.000000000000000         0.000000000000000         0.000000000000000         0.000000000000000         0.000000000000000         0.000000000000000         0.000000000000000         0.000000000000000         0.000000000000000         0.000000000000000
    29967.794689668684441     24098.128847584022878     -7480.604729713975757    369389.264850893523544   -115753.552512408525217   -474032.325632158317603    -72970.340114859165624     25752.697519587611168     -2549.772166732333062     -2231.374538935263899     -9850.287481588578885     -4836.034211263873658     -5845.300578010539539      -381.539212638141976     -7164.270427426593415      8496.730009526239883      4486.668184590675082      -449.104430706233813         0.000000000000000         0.000000000000000         0.000000000000000         0.000000000000000         0.000000000000000         0.000000000000000       234.182145892717017      8400.997081049637927    -38263.993354066238680   -479464.228089172509499     14015.962013046038919    -87015.628404712129850         0.000000000000000         0.000000000000000         0.000000000000000         0.000000000000000         0.000000000000000         0.000000000000000         0.000000000000000         0.000000000000000         0.000000000000000         0.000000000000000         0.000000000000000         0.000000000000000         0.000000000000000         0.000000000000000         0.000000000000000
  -146672.695183349773288   -130181.533439419101342     39549.111930456427217  -1864701.301219090586528    593997.210336316959001   2391723.965980667155236    371018.438021848094650   -130939.853007768193493     12964.342568823703914     11345.446585206333111     -9053.543789195415229     -4444.870018216312928     -5372.501548096235638      -350.678289884540561      1000.924581696184305     -1187.083320865835958      -626.835142721448506        62.744653345533990         0.000000000000000         0.000000000000000         0.000000000000000         0.000000000000000         0.000000000000000         0.000000000000000      7221.620962621542276    -38263.993354066238680    196235.447584376495797   2421028.362697468604892    -63945.793915468966588    428300.678253022255376         0.000000000000000         0.000000000000000         0.000000000000000         0.000000000000000         0.000000000000000         0.000000000000000         0.000000000000000         0.000000000000000         0.000000000000000         0.000000000000000         0.000000000000000         0.000000000000000         0.000000000000000         0.000000000000000         0.000000000000000
 -1823925.741649805800989  -1590849.535872949752957    488451.244878113910090 -19472185.985310509800911   7646154.520072945393622  26713510.546322401612997   4524300.353664085268974  -1914307.590165374334902    -16970.723575101234019    140768.301112498447765    234099.866447659151163    137241.590243537619244    146756.918929414940067      9980.459646028904899   -138949.741287697514053    154620.592810245958390     77096.389046758093173     -7918.537320992318200         0.000000000000000         0.000000000000000         0.000000000000000         0.000000000000000         0.000000000000000         0.000000000000000     69481.626781614351785   -479464.228089172509499   2421028.362697468604892  33259417.299952268600464   3493049.112820515874773   4313652.151677874848247         0.000000000000000         0.000000000000000         0.000000000000000         0.000000000000000         0.000000000000000         0.000000000000000         0.000000000000000         0.000000000000000         0.000000000000000         0.000000000000000         0.000000000000000         0.000000000000000         0.000000000000000         0.000000000000000         0.000000000000000
    52986.352275324446964     36112.064040303484944    -14410.515967061593983   8026477.826537313871086  -1618225.052105978131294  -6954542.525458555668592   -284298.372321533155628   -477967.650538731890265   -315763.791362527175806     -4253.913516996502949   -245016.423709643422626   -116569.842313703818945   -146879.922035529452842     -9406.470375444487217    142015.068310924805701   -170409.326563549810089    -93543.657909738030867      9148.767891186040288         0.000000000000000         0.000000000000000         0.000000000000000         0.000000000000000         0.000000000000000         0.000000000000000      5812.565397645565099     14015.962013046038919    -63945.793915468966588   3493049.112820515874773   9160761.073392523452640   -552274.724713924224488         0.000000000000000         0.000000000000000         0.000000000000000         0.000000000000000         0.000000000000000         0.000000000000000         0.000000000000000         0.000000000000000         0.000000000000000         0.000000000000000         0.000000000000000         0.000000000000000         0.000000000000000         0.000000000000000         0.000000000000000
  -322363.233747482066974   -283425.326158866984770     83600.985808187921066  -4502726.588230120018125    723896.036421962548047   5525363.121055242605507    808746.217587239341810   -232510.769659551151562     55053.256206687896338     24321.359830400855571   -172052.505730330158258   -109103.849302910588449   -109904.520217464974849     -7651.453805784562974    203619.682374786672881   -224334.398442502773833   -110298.379692730290117     11412.134490808050032         0.000000000000000         0.000000000000000         0.000000000000000         0.000000000000000         0.000000000000000         0.000000000000000     14963.429748189348174    -87015.628404712129850    428300.678253022255376   4313652.151677874848247   -552274.724713924224488   1501772.773072903510183         0.000000000000000         0.000000000000000         0.000000000000000         0.000000000000000         0.000000000000000         0.000000000000000         0.000000000000000         0.000000000000000         0.000000000000000         0.000000000000000         0.000000000000000         0.000000000000000         0.000000000000000         0.000000000000000         0.000000000000000
     8624.447247870062711     -5957.721181552228700      2018.651504126213922      3352.129606886954207    147967.688331199315144     -7047.417697185646830      8673.313933399651432      3741.960847651640506     -3611.962964845620263       533.905468282318907    -12019.377432041126667      2187.490905862178806    -17134.852503247017012     -1068.041655531586230     -4009.261872796370881    -16282.076411251578975      5772.395787476863916      -545.436251329300489         0.000000000000000         0.000000000000000         0.000000000000000         0.000000000000000         0.000000000000000         0.000000000000000         0.000000000000000         0.000000000000000         0.000000000000000         0.000000000000000         0.000000000000000         0.000000000000000      3524.696919406604138      -241.636018766730558     10073.512692110894932     95953.831384889490437     55838.017836378989159    -19891.442883095991419         0.000000000000000         0.000000000000000         0.000000000000000         0.000000000000000         0.000000000000000         0.000000000000000         0.000000000000000         0.000000000000000         0.000000000000000
   -29664.443917370208510     45231.347549298290687    -12098.072729677680400     71633.113119186804397   -797996.418436389067210    -80436.724819071139791    -51311.031984194014512    -22137.313858556015475     21368.250779119844083     -3158.566698949464808     -5009.331244478235021       911.683371597604150     -7141.314306781454434      -445.129081411166794     -2849.984212898139958    -11574.115684516942565      4103.308136725530858      -387.723415119960407         0.000000000000000         0.000000000000000         0.000000000000000         0.000000000000000         0.000000000000000         0.000000000000000         0.000000000000000         0.000000000000000         0.000000000000000         0.000000000000000         0.000000000000000         0.000000000000000      -241.636018766730558     11547.586976539390889    -54211.025991511545726   -631278.039973440929316   -244078.877591411088360    -71911.938880981469993         0.000000000000000         0.000000000000000         0.000000000000000         0.000000000000000         0.000000000000000         0.000000000000000         0.000000000000000         0.000000000000000         0.000000000000000
   159879.592876497132238   -225420.558556496253004     61467.019457533715467   -346339.968409820925444   4087958.086417309008539    379685.058724103495479    260891.465081551985350    112557.397935553279240   -108647.088869930856163     16059.764572666483218     -4604.149864786928447       837.941566890095032     -6563.686786776560439      -409.124671531965134       398.173028926333018      1617.026746460997629      -573.275677115641656        54.169074300585926         0.000000000000000         0.000000000000000         0.000000000000000         0.000000000000000         0.000000000000000         0.000000000000000         0.000000000000000         0.000000000000000         0.000000000000000         0.000000000000000         0.000000000000000         0.000000000000000     10073.512692110894932    -54211.025991511545726    277694.708827300637495   3186130.546720437705517   1294298.690452568000183    302155.929034437809605         0.000000000000000         0.000000000000000         0.000000000000000         0.000000000000000         0.000000000000000         0.000000000000000         0.000000000000000         0.000000000000000         0.000000000000000
  1817121.020293065346777  -2599311.463913147803396    707670.879317503189668  -1369597.134935951326042  52790070.749029092490673   1948174.590399965876713   3049063.368681696243584    825108.353874108754098   -801875.045689486549236    184776.838688964111498     64454.490597145282663    -20840.932448571104032     71929.828429991146550      5194.076515217619090      3647.173103732507570    -48603.376648544057389     -2674.810636526415237     -1183.536658184833414         0.000000000000000         0.000000000000000         0.000000000000000         0.000000000000000         0.000000000000000         0.000000000000000         0.000000000000000         0.000000000000000         0.000000000000000         0.000000000000000         0.000000000000000         0.000000000000000     95953.831384889490437   -631278.039973440929316   3186130.546720437705517  42035386.423079900443554  13895648.728362131863832   3871589.842457608785480         0.000000000000000         0.000000000000000         0.000000000000000         0.000000000000000         0.000000000000000         0.000000000000000         0.000000000000000         0.000000000000000         0.000000000000000
