  288.000     0.000     0.000     0.000   -23.205  1291.788   909.624  1027.167    12.453   144.000   750.646   936.621    10.753   144.000     0.000     0.000     0.000     0.000    96.000     0.000     0.000     0.000   -17.239   600.172    96.000     0.000     0.000     0.000   -21.200   595.616    96.000     0.000     0.000     0.000    15.233    96.000
    0.000   144.000     0.000   -32.645     0.000  -360.614     0.000     0.000     0.000     0.000     0.000     0.000     0.000     0.000   936.614  1103.457   -32.645   144.000     0.000    48.000     0.000   -12.463     0.000    96.000     0.000    48.000     0.000    -6.409     0.000   -96.000     0.000    48.000     0.000   -13.773     0.000  -360.614
    0.000     0.000     0.000     0.000     0.000     0.000     0.000     0.000     0.000     0.000     0.000     0.000     0.000     0.000     0.000     0.000     0.000     0.000     0.000     0.000     0.000     0.000     0.000     0.000     0.000     0.000     0.000     0.000     0.000     0.000     0.000     0.000     0.000     0.000     0.000     0.000
    0.000   -32.645     0.000   433.948     0.000   571.521     0.000     0.000     0.000     0.000     0.000     0.000     0.000     0.000  -696.048  -751.686   433.948   -32.645     0.000   -12.463     0.000   126.793     0.000   -24.927     0.000    -6.409     0.000   135.720     0.000    12.818     0.000   -13.773     0.000   171.435     0.000   583.630
  -23.205     0.000     0.000     0.000   806.420 -1086.283    72.751  -585.122  -319.600   -12.453   204.085  -603.223  -486.820   -10.753     0.000     0.000     0.000     0.000   -17.239     0.000     0.000     0.000   313.914  -338.264   -21.200     0.000     0.000     0.000   339.336  -761.669    15.233     0.000     0.000     0.000   153.169    13.651
 1291.788  -360.614     0.000   571.521 -1086.283 27623.594  4227.203 12880.437   531.947   691.167  1460.586 11739.776   554.336   600.621 -8318.924 -1524.578   571.521  -360.614   600.172    96.000     0.000   -24.927  -338.264  9474.801   595.616   -96.000     0.000    12.818  -761.669 11728.326    96.000  -360.614     0.000   583.630    13.651  6420.467
  909.624     0.000     0.000     0.000    72.751  4227.203  8716.978  6240.827   -72.751   909.624     0.000     0.000     0.000     0.000     0.000     0.000     0.000     0.000    96.000     0.000     0.000     0.000   -10.985   456.856   384.000     0.000     0.000     0.000  -103.951  3125.911   429.624     0.000     0.000     0.000   187.687   644.436
 1027.167     0.000     0.000     0.000  -585.122 12880.437  6240.827 15827.093   585.122  1027.167     0.000     0.000     0.000     0.000     0.000     0.000     0.000     0.000   348.428     0.000     0.000     0.000   -80.481  3336.273   558.739     0.000     0.000     0.000  -519.727  9364.164   120.000     0.000     0.000     0.000    15.085   180.000
   12.453     0.000     0.000     0.000  -319.600   531.947   -72.751   585.122   319.600    12.453     0.000     0.000     0.000     0.000     0.000     0.000     0.000     0.000     5.493     0.000     0.000     0.000   -81.558    66.749    12.994     0.000     0.000     0.000  -188.633   474.248    -6.034     0.000     0.000     0.000   -49.410    -9.051
  144.000     0.000     0.000     0.000   -12.453   691.167   909.624  1027.167    12.453   144.000     0.000     0.000     0.000     0.000     0.000     0.000     0.000     0.000    48.000     0.000     0.000     0.000    -5.493   228.428    48.000     0.000     0.000     0.000   -12.994   390.739    48.000     0.000     0.000     0.000     6.034    72.000
  750.646     0.000     0.000     0.000   204.085  1460.586     0.000     0.000     0.000     0.000  9452.857  2931.232  -204.085   750.646     0.000     0.000     0.000     0.000     0.000     0.000     0.000     0.000     0.000     0.000   288.000     0.000     0.000     0.000   -49.234  1229.263   462.646     0.000     0.000     0.000   253.319   231.323
  936.621     0.000     0.000     0.000  -603.223 11739.776     0.000     0.000     0.000     0.000  2931.232 14346.206   603.223   936.621     0.000     0.000     0.000     0.000   491.744     0.000     0.000     0.000  -300.881  7446.958   372.877     0.000     0.000     0.000  -316.141  4256.818    72.000     0.000     0.000     0.000    13.799    36.000
   10.753     0.000     0.000     0.000  -486.820   554.336     0.000     0.000     0.000     0.000  -204.085   603.223   486.820    10.753     0.000     0.000     0.000     0.000    11.747     0.000     0.000     0.000  -232.357   271.515     8.206     0.000     0.000     0.000  -150.703   287.421    -9.199     0.000     0.000     0.000  -103.760    -4.600
  144.000     0.000     0.000     0.000   -10.753   600.621     0.000     0.000     0.000     0.000   750.646   936.621    10.753   144.000     0.000     0.000     0.000     0.000    48.000     0.000     0.000     0.000   -11.747   371.744    48.000     0.000     0.000     0.000    -8.206   204.877    48.000     0.000     0.000     0.000     9.199    24.000
    0.000   936.614     0.000  -696.048     0.000 -8318.924     0.000     0.000     0.000     0.000     0.000     0.000     0.000     0.000 12353.382  5979.465  -696.048   936.614     0.000    48.000     0.000   -12.463     0.000    96.000     0.000   336.000     0.000   -44.864     0.000  -672.000     0.000   552.614     0.000  -638.721     0.000 -7742.924
    0.000  1103.457     0.000  -751.686     0.000 -1524.578     0.000     0.000     0.000     0.000     0.000     0.000     0.000     0.000  5979.465 14892.156  -751.686  1103.457     0.000   435.198     0.000  -346.554     0.000   870.397     0.000   476.258     0.000  -350.041     0.000  -952.517     0.000   192.000     0.000   -55.091     0.000 -1442.458
    0.000   -32.645     0.000   433.948     0.000   571.521     0.000     0.000     0.000     0.000     0.000     0.000     0.000     0.000  -696.048  -751.686   433.948   -32.645     0.000   -12.463     0.000   126.793     0.000   -24.927     0.000    -6.409     0.000   135.720     0.000    12.818     0.000   -13.773     0.000   171.435     0.000   583.630
    0.000   144.000     0.000   -32.645     0.000  -360.614     0.000     0.000     0.000     0.000     0.000     0.000     0.000     0.000   936.614  1103.457   -32.645   144.000     0.000    48.000     0.000   -12.463     0.000    96.000     0.000    48.000     0.000    -6.409     0.000   -96.000     0.000    48.000     0.000   -13.773     0.000  -360.614
   96.000     0.000     0.000     0.000   -17.239   600.172    96.000   348.428     5.493    48.000     0.000   491.744    11.747    48.000     0.000     0.000     0.000     0.000    97.000     0.000     0.000     0.000   -17.239   600.172     0.000     0.000     0.000     0.000     0.000     0.000     0.000     0.000     0.000     0.000     0.000     0.000
    0.000    48.000     0.000   -12.463     0.000    96.000     0.000     0.000     0.000     0.000     0.000     0.000     0.000     0.000    48.000   435.198   -12.463    48.000     0.000    49.000     0.000   -12.463     0.000    96.000     0.000     0.000     0.000     0.000     0.000     0.000     0.000     0.000     0.000     0.000     0.000     0.000
    0.000     0.000     0.000     0.000     0.000     0.000     0.000     0.000     0.000     0.000     0.000     0.000     0.000     0.000     0.000     0.000     0.000     0.000     0.000     0.000     1.000     0.000     0.000     0.000     0.000     0.000     0.000     0.000     0.000     0.000     0.000     0.000     0.000     0.000     0.000     0.000
    0.000   -12.463     0.000   126.793     0.000   -24.927     0.000     0.000     0.000     0.000     0.000     0.000     0.000     0.000   -12.463  -346.554   126.793   -12.463     0.000   -12.463     0.000   127.793     0.000   -24.927     0.000     0.000     0.000     0.000     0.000     0.000     0.000     0.000     0.000     0.000     0.000     0.000
  -17.239     0.000     0.000     0.000   313.914  -338.264   -10.985   -80.481   -81.558    -5.493     0.000  -300.881  -232.357   -11.747     0.000     0.000     0.000     0.000   -17.239     0.000     0.000     0.000   314.914  -338.264     0.000     0.000     0.000     0.000     0.000     0.000     0.000     0.000     0.000     0.000     0.000     0.000
  600.172    96.000     0.000   -24.927  -338.264  9474.801   456.856  3336.273    66.749   228.428     0.000  7446.958   271.515   371.744    96.000   870.397   -24.927    96.000   600.172    96.000     0.000   -24.927  -338.264  9475.801     0.000     0.000     0.000     0.000     0.000     0.000     0.000     0.000     0.000     0.000     0.000     0.000
   96.000     0.000     0.000     0.000   -21.200   595.616   384.000   558.739    12.994    48.000   288.000   372.877     8.206    48.000     0.000     0.000     0.000     0.000     0.000     0.000     0.000     0.000     0.000     0.000    97.000     0.000     0.000     0.000   -21.200   595.616     0.000     0.000     0.000     0.000     0.000     0.000
    0.000    48.000     0.000    -6.409     0.000   -96.000     0.000     0.000     0.000     0.000     0.000     0.000     0.000     0.000   336.000   476.258    -6.409    48.000     0.000     0.000     0.000     0.000     0.000     0.000     0.000    49.000     0.000    -6.409     0.000   -96.000     0.000     0.000     0.000     0.000     0.000     0.000
    0.000     0.000     0.000     0.000     0.000     0.000     0.000     0.000     0.000     0.000     0.000     0.000     0.000     0.000     0.000     0.000     0.000     0.000     0.000     0.000     0.000     0.000     0.000     0.000     0.000     0.000     1.000     0.000     0.000     0.000     0.000     0.000     0.000     0.000     0.000     0.000
    0.000    -6.409     0.000   135.720     0.000    12.818     0.000     0.000     0.000     0.000     0.000     0.000     0.000     0.000   -44.864  -350.041   135.720    -6.409     0.000     0.000     0.000     0.000     0.000     0.000     0.000    -6.409     0.000   136.720     0.000    12.818     0.000     0.000     0.000     0.000     0.000     0.000
  -21.200     0.000     0.000     0.000   339.336  -761.669  -103.951  -519.727  -188.633   -12.994   -49.234  -316.141  -150.703    -8.206     0.000     0.000     0.000     0.000     0.000     0.000     0.000     0.000     0.000     0.000   -21.200     0.000     0.000     0.000   340.336  -761.669     0.000     0.000     0.000     0.000     0.000     0.000
  595.616   -96.000     0.000    12.818  -761.669 11728.326  3125.911  9364.164   474.248   390.739  1229.263  4256.818   287.421   204.877  -672.000  -952.517    12.818   -96.000     0.000     0.000     0.000     0.000     0.000     0.000   595.616   -96.000     0.000    12.818  -761.669 11729.326     0.000     0.000     0.000     0.000     0.000     0.000
   96.000     0.000     0.000     0.000    15.233    96.000   429.624   120.000    -6.034    48.000   462.646    72.000    -9.199    48.000     0.000     0.000     0.000     0.000     0.000     0.000     0.000     0.000     0.000     0.000     0.000     0.000     0.000     0.000     0.000     0.000    97.000     0.000     0.000     0.000    15.233    96.000
    0.000    48.000     0.000   -13.773     0.000  -360.614     0.000     0.000     0.000     0.000     0.000     0.000     0.000     0.000   552.614   192.000   -13.773    48.000     0.000     0.000     0.000     0.000     0.000     0.000     0.000     0.000     0.000     0.000     0.000     0.000     0.000    49.000     0.000   -13.773     0.000  -360.614
    0.000     0.000     0.000     0.000     0.000     0.000     0.000     0.000     0.000     0.000     0.000     0.000     0.000     0.000     0.000     0.000     0.000     0.000     0.000     0.000     0.000     0.000     0.000     0.000     0.000     0.000     0.000     0.000     0.000     0.000     0.000     0.000     1.000     0.000     0.000     0.000
    0.000   -13.773     0.000   171.435     0.000   583.630     0.000     0.000     0.000     0.000     0.000     0.000     0.000     0.000  -638.721   -55.091   171.435   -13.773     0.000     0.000     0.000     0.000     0.000     0.000     0.000     0.000     0.000     0.000     0.000     0.000     0.000   -13.773     0.000   172.435     0.000   583.630
   15.233     0.000     0.000     0.000   153.169    13.651   187.687    15.085   -49.410     6.034   253.319    13.799  -103.760     9.199     0.000     0.000     0.000     0.000     0.000     0.000     0.000     0.000     0.000     0.000     0.000     0.000     0.000     0.000     0.000     0.000    15.233     0.000     0.000     0.000   154.169    13.651
   96.000  -360.614     0.000   583.630    13.651  6420.467   644.436   180.000    -9.051    72.000   231.323    36.000    -4.600    24.000 -7742.924 -1442.458   583.630  -360.614     0.000     0.000     0.000     0.000     0.000     0.000     0.000     0.000     0.000     0.000     0.000     0.000    96.000  -360.614     0.000   583.630    13.651  6421.467